adtl nfbr ryjn vabn rajb krpy wncr ksxt gbti qtzj gzst qbqx hltm ghje mxxb xnni zmgc ybnj hxnm ybtu vdar wqts zxgh jnpv kvhk nmhe doua nmyt oxqv efsd chak asyg eixq drkk mdpv pyod zkdo gmmy dfiq dqqu gmkf axld ykdx cebj gdul jlvy qfrx gwmn pvtm yqlv rszy whnn ckow lsws usta xnmb smrr fxwx odlz flin wlmu jfzd qqaa usik rrfv svcc tqff ckyy kgrh uukh faez gvdk peve zggc fqsu strq bpfi sdtn opis demw voti dnip nlgj klmk hcjg rrns syly ilnr kpzd rion vahq oxgz gvsl vaes slpt zsht eamc exut lapn bokf
0 3.91912 6.30593 6.62463 7.12227 5.43275 2.87486 8.17773 3.78191 6.89241 3.17067 0.19254 1.12759 5.2575 7.78121 2.28478 0.64726 0.799285 1.68671 7.26526 3.04052 0.600966 4.83026 4.6259 5.24789 4.52025 1.58808 2.93083 8.35345 6.98681 5.81998 6.84353 3.37863 0.669005 9.87014 5.46969 0.116408 8.57631 0.390619 3.83775 4.94755 5.80411 7.41569 6.82539 5.40904 0.452318 1.31282 9.73622 1.96393 3.57806 6.17984 6.11535 1.34673 5.57334 9.54488 3.63356 8.39721 9.7451 2.66424 2.59012 4.30092 8.14918 8.98935 2.5214 7.63011 6.97908 4.57333 2.70984 6.68848 1.25405 2.17467 1.22539 5.51505 0.160186 1.84215 6.03366 4.37589 0.916815 6.9054 3.81557 8.37844 1.32401 9.73613 0.393389 0.895495 4.99302 7.71743 9.3469 2.57654 3.66061 7.71423 5.04956 7.51759 6.75184 6.84849 7.59202 0.460039 2.38266 2.29451 5.66976 
3.91912 0 6.56096 6.20444 3.77751 2.32553 2.41355 6.56481 1.74268 7.46663 1.6816 0.571622 6.65374 1.33695 9.49666 4.89339 6.24835 9.14885 0.277651 5.9761 7.24653 5.01616 0.631574 4.47216 5.23983 7.74225 0.747027 4.48362 9.77408 4.73064 3.35766 4.51471 7.45841 2.13288 1.79666 3.78795 9.40328 9.65203 2.62408 0.796319 1.3261 5.31074 1.68482 5.2253 1.14133 8.4316 3.74876 4.29652 3.33955 7.16411 5.81008 8.73165 7.60663 8.38232 7.02793 3.9517 9.35889 6.09547 3.68463 5.4411 4.60522 4.07675 2.48036 0.922549 4.27363 4.77656 2.96869 1.13919 2.24222 8.03998 5.32165 6.72132 8.65006 2.51313 7.14449 2.71026 3.88993 0.901955 4.65165 2.40538 7.97399 4.9643 0.131965 2.73458 6.68042 4.30939 1.94956 9.63841 1.42699 7.97897 9.46584 1.79444 6.09941 0.731656 3.54017 2.99543 5.14562 8.27578 8.35995 7.29179 
6.30593 6.56096 0 3.3614 8.04064 6.35446 0.548873 0.510062 1.61782 7.69394 0.711141 5.2411 9.29858 2.2831 2.12517 0.981027 7.02694 7.09397 4.99685 2.69161 7.14456 3.84583 2.08638 2.40282 4.41735 4.74803 8.62576 9.77466 4.50074 0.439007 5.28534 0.413224 7.55642 5.95672 8.24662 3.36283 2.39757 5.41163 4.36312 4.09545 9.87451 9.67241 8.52025 8.68839 3.18489 1.56907 9.97623 6.43128 4.73394 9.32596 6.93865 8.17253 5.46119 5.77078 1.67624 9.45798 8.2312 1.6386 0.50664 3.50177 1.18919 1.05573 5.23586 0.32181 5.65869 8.58307 5.21739 6.77779 7.39803 7.01476 0.325716 2.00064 6.74281 3.52413 0.756274 1.49303 9.21906 2.2944 3.86313 5.90156 1.7564 0.360763 6.94215 7.6472 7.16558 0.865511 5.93911 9.26248 9.30401 4.36141 5.1091 8.32943 9.20044 6.05621 7.26598 5.24143 4.95909 1.69805 9.76354 5.78617 
6.62463 6.20444 3.3614 0 2.80519 5.36113 7.01573 6.70379 1.06458 5.53249 6.1463 6.71286 5.00174 5.75867 5.92999 4.469 1.59705 5.07252 7.3405 0.4134 0.611005 5.26843 3.27436 0.447089 2.52691 1.16109 3.89139 5.56311 6.01197 6.14999 9.35899 7.7431 5.18017 4.91814 6.53626 7.00026 4.13462 4.91981 4.84985 7.13346 5.38857 2.8388 6.09483 2.87303 7.06336 5.35185 9.38871 2.43049 4.19359 6.01501 7.85172 9.2105 6.84676 8.22966 5.32139 2.37967 1.52247 9.00526 2.58908 6.54999 0.147675 9.36577 2.82599 8.60178 2.86139 9.52907 5.11752 1.3172 4.22311 7.05447 4.42126 1.16661 7.68513 1.08867 4.46853 3.51131 3.04094 7.60045 3.45124 3.37451 0.650501 5.77451 4.90433 2.10457 1.2333 9.74604 8.65963 4.96922 3.73721 8.06863 1.70582 1.67984 0.671457 1.57759 4.7342 3.86802 8.84868 4.29892 4.18125 6.54782 
7.12227 3.77751 8.04064 2.80519 0 3.15244 0.69541 8.16272 8.9868 9.20297 9.02206 7.72346 1.79088 5.76717 0.410897 8.05235 5.26992 8.63006 2.84426 8.70799 5.90993 3.9528 8.13776 5.30413 9.40473 4.25838 5.84064 7.51654 8.81976 3.44704 1.97653 7.45695 7.2173 8.8037 0.821404 7.13012 8.80269 3.65786 0.989546 1.69419 4.22628 1.05464 6.77946 5.66985 8.14916 8.7941 7.71666 6.38853 8.97559 8.79629 4.91606 1.2194 3.8371 3.88793 6.90702 1.30522 0.860535 1.51869 4.82864 7.11502 2.45639 3.97057 9.76122 6.32479 6.84387 9.09604 3.68776 8.60621 7.96335 4.34585 0.827758 5.03644 4.89034 4.56227 5.04661 7.43351 9.33515 3.07121 1.54734 1.18918 0.895188 9.72752 4.14096 2.46026 9.63529 8.35139 2.06099 1.38187 2.04344 3.45728 5.79922 4.45865 5.89818 4.38548 3.74521 3.88494 6.04131 4.35178 1.573 6.73495 
5.43275 2.32553 6.35446 5.36113 3.15244 0 9.95447 7.01086 4.08712 8.50786 8.21332 7.95448 3.80507 0.195118 4.84981 6.42667 6.5003 6.48449 8.01044 3.8359 3.64095 3.95605 3.40964 6.96653 1.53448 2.9861 6.70188 8.55821 3.21552 1.52701 6.06227 0.155323 9.21621 3.88135 5.21366 3.51011 2.71492 2.9809 8.35312 1.33147 6.38273 0.582105 4.63465 3.83048 1.64314 7.58297 6.69313 0.214153 7.96932 5.65305 2.95768 4.21405 3.27405 5.19444 7.21964 8.43623 2.39576 4.70357 3.79626 0.595426 0.831118 2.10425 5.70521 8.33209 4.28327 8.41153 3.00113 1.89384 3.6395 9.34769 5.93525 3.7535 4.68428 6.31552 9.45008 4.11728 0.599768 4.50402 5.99968 7.50828 8.6553 1.39713 1.13534 6.68655 8.35044 5.85472 6.62008 9.82212 0.287269 9.22258 2.02732 9.68046 5.27842 2.86008 7.22597 5.94554 8.38711 8.36345 6.63289 7.33144 
2.87486 2.41355 0.548873 7.01573 0.69541 9.95447 0 6.46596 3.56034 5.39527 6.67506 3.30195 8.70496 4.47947 9.18788 2.83901 9.52236 1.26065 4.21847 8.38012 9.6291 3.39599 5.3092 5.40597 8.19926 9.30591 6.66264 2.50796 9.42015 6.00756 1.34773 2.54504 8.87858 2.04216 1.71328 8.37637 6.06381 6.2701 8.40292 6.74932 3.9764 8.72571 6.70674 1.24451 0.100398 6.79305 6.32466 4.60002 5.78602 0.419467 3.57879 8.56532 3.77129 6.64811 5.80666 0.693602 7.47024 2.86698 4.48197 1.84656 1.00883 8.98272 9.92495 5.98218 0.426735 6.94022 4.9234 5.73646 8.96767 4.40158 6.91708 2.11127 4.86903 2.79718 9.47649 2.51857 9.5373 4.82182 1.35817 9.61822 8.58584 2.25236 0.169379 7.8465 0.598894 9.60454 6.4496 5.77666 1.45722 1.37753 8.2638 5.06835 6.59329 5.10008 5.3119 1.27213 9.04026 6.72215 2.8481 3.9284 
8.17773 6.56481 0.510062 6.70379 8.16272 7.01086 6.46596 0 3.97579 8.32786 2.50571 1.3221 7.31023 6.51594 2.09205 8.50208 0.323308 1.14507 1.96099 3.67358 7.81862 7.22012 6.697 5.8516 3.57661 1.65583 2.9917 1.77418 2.3146 6.74638 4.10717 8.87645 5.83569 3.48429 4.42868 7.02643 8.3594 7.94063 8.50577 2.89397 2.72015 1.78261 5.38197 0.824519 9.98748 7.52669 1.30999 1.72954 4.30856 7.7547 2.21432 4.39589 0.427465 9.30028 1.14983 2.73624 4.87228 7.94852 2.64949 2.21777 2.8964 3.86821 2.16042 9.29242 7.66423 6.20397 5.80094 3.62771 9.08769 2.05922 1.22966 7.93229 7.01181 0.280687 7.50489 1.23384 8.96014 6.58082 3.52432 3.88589 2.22899 3.37979 0.276073 9.15224 7.87615 3.99516 7.32684 8.33236 8.79019 1.38313 3.49991 9.42649 3.6857 3.5854 0.898486 5.76172 7.78629 8.45759 4.98362 8.19144 
3.78191 1.74268 1.61782 1.06458 8.9868 4.08712 3.56034 3.97579 0 6.46307 4.41021 3.58791 3.55665 2.88729 9.19927 6.29891 7.47134 1.65965 7.78653 2.59436 6.15937 8.56057 3.21461 6.1236 1.34663 3.79925 1.4196 2.69244 1.34771 2.10789 7.5302 0.802406 4.64325 9.63611 2.42329 2.05543 6.87107 0.905132 8.55694 1.61037 1.28975 8.11033 9.44751 0.550651 0.696598 8.31425 1.49768 8.03156 2.35214 4.05222 6.03202 6.58654 0.631895 9.865 8.14182 4.19444 0.4152 1.16968 9.74722 8.68448 6.74369 8.36025 2.45835 7.19769 5.93811 2.30314 2.35485 0.115579 4.53336 4.15668 9.33675 0.322371 5.18364 3.82736 8.60915 7.95933 6.13373 3.38486 6.27765 6.57334 6.47946 2.66529 0.357403 9.87171 2.15672 6.45902 5.64721 3.83164 1.29484 4.54616 1.46338 5.89942 5.47174 4.88765 8.87734 0.907788 3.68967 1.09801 3.06219 8.43251 
6.89241 7.46663 7.69394 5.53249 9.20297 8.50786 5.39527 8.32786 6.46307 0 9.13872 8.29648 9.70596 8.15147 7.99894 8.41398 4.54233 6.45674 6.96987 8.17602 4.73527 2.01697 4.07539 9.31345 4.72537 3.8466 5.2242 2.35479 9.00275 9.85989 1.45624 4.63896 6.92243 2.86225 4.15185 7.42532 0.409425 3.10893 2.0072 8.15058 2.8212 7.20583 4.1454 7.87222 7.2507 5.81289 6.36609 8.0061 0.102726 6.31517 3.52967 4.77138 4.97285 5.34323 3.25364 8.59345 1.46622 4.05151 3.93044 8.47972 0.655734 4.6231 7.67876 2.9957 9.62301 10 9.99101 7.442 3.56285 7.98619 2.0701 6.04727 5.47396 2.59176 2.09601 5.79868 5.18621 7.50224 6.1194 9.89739 8.00466 5.5923 1.55205 1.1594 5.28547 2.53837 5.75911 3.41022 6.81922 0.786729 8.46194 8.77499 3.38752 1.53946 7.46634 6.65272 4.08756 5.89177 5.59898 4.99175 
3.17067 1.6816 0.711141 6.1463 9.02206 8.21332 6.67506 2.50571 4.41021 9.13872 0 6.18356 9.25581 6.17787 2.6382 0.492666 6.24507 3.50054 0.339251 1.7968 6.14616 4.29607 5.72753 7.33069 3.80233 3.71987 3.82514 0.957397 5.87284 4.23984 1.19698 3.3201 6.88313 5.68344 8.73152 5.36542 9.74793 0.696389 4.80591 1.19031 9.92257 5.5402 7.01717 1.35965 4.80234 0.687535 4.50656 9.18797 4.45116 8.59926 9.97205 5.53809 1.33041 8.47862 1.98355 6.67702 6.5971 9.73461 4.6304 1.67753 1.47793 2.90499 9.73234 6.01977 8.53686 0.722572 9.26367 9.499 4.72001 2.89409 4.65648 4.36516 8.67478 2.06644 3.90918 7.61604 8.16082 6.76011 7.24369 6.86531 3.20846 1.76798 6.91161 9.21726 1.74107 0.137802 1.84543 1.8637 2.06072 6.71591 6.77708 5.22307 3.30171 4.72298 3.27616 1.02707 8.71733 4.5067 1.56297 6.55526 
0.19254 0.571622 5.2411 6.71286 7.72346 7.95448 3.30195 1.3221 3.58791 8.29648 6.18356 0 9.42562 8.83527 6.64318 2.11874 1.78643 0.259138 1.7376 1.17992 3.6758 5.65522 9.64201 2.53039 0.336223 0.397398 8.8731 8.87488 9.14091 5.51927 1.8085 4.92177 8.16275 9.37243 5.87233 5.53417 4.77035 7.55803 3.38989 1.80734 5.17834 3.86622 8.29883 9.67367 0.147301 3.08376 4.6002 8.91548 8.45097 2.57852 7.36572 8.41161 4.28732 7.11394 4.11815 5.31037 5.30305 1.00618 4.09651 7.84309 2.72141 3.1478 1.93118 7.5906 6.24466 6.48892 3.3404 1.6269 1.92511 4.60647 5.37849 1.70804 9.26512 4.14967 0.408756 1.75612 5.69411 9.85577 1.48856 3.40234 3.16027 3.60783 1.71239 3.28929 3.85787 6.44962 6.06288 0.47306 3.41752 0.874319 5.48588 4.96211 2.94993 2.60191 4.44927 6.62028 3.32323 0.116477 9.72969 1.09861 
1.12759 6.65374 9.29858 5.00174 1.79088 3.80507 8.70496 7.31023 3.55665 9.70596 9.25581 9.42562 0 3.25193 9.5596 3.55776 1.73752 9.85634 1.25278 0.514661 9.61346 7.87428 2.28186 1.10446 2.62017 4.43136 2.50581 2.89768 5.53736 8.83479 8.53133 6.73763 5.62034 7.60255 9.02976 8.54846 7.621 2.41611 9.98307 2.6867 3.8129 3.06508 7.48067 9.91916 7.6865 4.34324 6.45248 4.69163 1.11443 1.90062 8.64727 5.08324 9.31665 8.99056 2.98254 6.3285 9.75646 5.48608 8.32362 0.642618 1.97726 9.75541 7.67557 8.71179 0.420154 5.23253 3.81683 9.6997 2.01216 2.36286 6.00978 8.97539 5.53984 0.939251 7.79214 7.73379 7.11314 0.614164 8.84729 0.809201 9.94715 2.77218 5.04775 6.90444 7.5095 9.45201 6.9281 9.12655 1.79515 8.17179 2.89999 4.87058 9.11744 7.06151 4.05315 1.76752 9.03469 2.17964 5.52881 3.79049 
5.2575 1.33695 2.2831 5.75867 5.76717 0.195118 4.47947 6.51594 2.88729 8.15147 6.17787 8.83527 3.25193 0 2.70521 8.08635 2.43475 6.62323 3.42249 5.26909 4.58354 6.10801 6.70433 0.315482 8.21013 3.83542 5.46378 9.70003 7.48821 7.95353 7.61112 4.58696 4.12682 2.51783 7.05257 2.21681 6.64566 4.12979 2.83629 3.49717 3.08448 6.91517 9.54749 7.804 9.03281 0.314395 9.74498 0.632145 4.15858 1.71915 7.98078 0.214628 6.05986 9.22253 1.18828 5.49565 0.82308 5.60952 3.89547 4.86615 3.97024 4.14586 5.63518 9.41667 7.02039 5.9374 0.210317 2.89935 3.93509 7.48336 5.70033 5.58766 2.759 1.25992 1.70004 3.60762 8.10227 2.73077 1.99754 4.20305 6.51673 5.34368 0.821262 4.75246 3.85166 1.07869 4.98322 1.41487 2.24083 4.43908 3.59595 9.93868 8.93228 3.5644 4.44759 8.03613 9.82347 3.08206 5.80871 5.56402 
7.78121 9.49666 2.12517 5.92999 0.410897 4.84981 9.18788 2.09205 9.19927 7.99894 2.6382 6.64318 9.5596 2.70521 0 1.51812 5.11479 5.04837 7.32345 0.917716 2.24892 1.81198 3.91367 3.80875 2.7172 1.73038 8.57938 2.52973 8.94432 7.93245 9.64555 2.58238 2.9124 5.54316 7.21709 5.20138 4.9162 3.5835 8.59892 4.18088 0.301991 9.16531 9.5992 5.72946 9.97903 4.06518 5.91784 8.08291 4.14143 0.529732 5.49981 1.38798 5.78952 9.69528 6.84522 2.15137 5.68223 8.32376 2.99944 3.13001 9.78205 9.85073 5.87868 3.3954 5.26358 0.915708 8.09662 6.8484 5.98817 2.12112 2.08398 1.72297 2.8798 2.0549 7.95124 8.73108 7.91308 0.998381 1.68407 2.54555 7.63825 5.21899 3.97875 8.69312 3.39368 6.00736 7.82408 9.86862 9.5481 8.24571 7.79268 6.89566 8.43529 6.31718 7.7071 4.02689 5.89405 4.25851 8.03583 4.82981 
2.28478 4.89339 0.981027 4.469 8.05235 6.42667 2.83901 8.50208 6.29891 8.41398 0.492666 2.11874 3.55776 8.08635 1.51812 0 6.93865 8.15486 5.5541 3.01845 5.91116 4.79577 8.99653 4.34949 2.6732 4.69392 0.100388 6.61484 1.00922 5.66683 6.82252 6.70947 7.47811 6.5594 9.82169 2.86895 7.84942 0.151298 0.959445 0.686052 9.27502 2.22513 7.83543 2.61125 2.93725 7.40781 3.02899 4.78458 9.10874 9.23831 8.92868 2.58148 7.54882 6.8707 4.73426 4.79183 2.16665 5.11326 8.98793 8.36716 9.59119 9.73371 9.19251 1.57217 2.70261 4.02523 7.73736 7.72912 7.77959 4.59934 4.24486 6.39958 6.50625 7.44582 8.31197 2.79414 7.82419 1.88604 1.28797 7.8983 9.91935 0.864825 4.30683 8.42705 6.37207 9.45362 4.3605 9.46503 8.00573 3.83407 2.54324 8.30418 0.511874 2.36315 1.0306 8.62815 0.530562 9.55105 8.2599 8.70323 
0.64726 6.24835 7.02694 1.59705 5.26992 6.5003 9.52236 0.323308 7.47134 4.54233 6.24507 1.78643 1.73752 2.43475 5.11479 6.93865 0 5.16854 7.52603 9.98316 4.23283 2.19486 4.0967 1.17816 3.68437 1.05908 2.11887 3.93219 8.25344 9.00215 9.66178 8.18895 4.22671 8.19266 7.27714 4.63939 4.20949 5.96779 6.07326 6.70844 9.87556 7.41706 0.141601 6.29207 1.38876 8.97135 6.81054 3.35046 2.44465 4.56945 6.83936 2.66241 1.54533 7.06811 6.02792 6.94057 0.82975 8.80849 2.10934 2.24572 7.35273 7.87766 9.58633 7.18306 7.43072 2.03277 2.23293 0.302535 8.40768 7.63219 2.26438 4.25996 2.77994 6.80083 8.37487 0.599873 6.26586 6.37355 4.63155 1.18426 7.27982 0.273421 4.18708 5.42793 1.11235 6.43951 4.41415 0.375225 2.50053 3.36601 6.35524 3.82011 5.49194 7.71162 0.881517 7.65094 0.57782 1.92748 4.75627 8.40096 
0.799285 9.14885 7.09397 5.07252 8.63006 6.48449 1.26065 1.14507 1.65965 6.45674 3.50054 0.259138 9.85634 6.62323 5.04837 8.15486 5.16854 0 3.45068 3.74666 8.5526 7.88845 2.85778 8.17144 7.06298 8.98913 8.71672 4.18687 1.90161 5.58899 5.35621 3.57459 7.28038 9.7227 2.42974 1.4944 2.45369 8.03545 8.24077 4.07005 8.6921 6.06347 0.482732 7.5758 4.92835 9.78815 3.617 7.32585 1.73393 8.8009 3.17224 6.80808 1.58867 2.94972 9.0764 0.319472 5.95797 9.4515 8.31038 5.72428 2.19229 0.400753 5.86296 6.4523 1.63508 0.77581 3.1445 5.78563 3.74923 2.17933 0.446213 7.59381 0.74575 2.82594 7.72888 3.80465 3.09842 3.60889 9.67581 6.26059 7.00847 3.53125 1.62886 5.20849 5.69806 6.99453 6.92097 8.0959 4.64252 7.3877 1.70179 3.34562 0.223369 4.46232 8.07439 9.33766 5.67854 5.71389 5.79896 9.87909 
1.68671 0.277651 4.99685 7.3405 2.84426 8.01044 4.21847 1.96099 7.78653 6.96987 0.339251 1.7376 1.25278 3.42249 7.32345 5.5541 7.52603 3.45068 0 7.31169 1.20063 5.15717 4.50041 4.80027 5.49536 5.8933 1.57008 7.28366 5.30202 3.51737 5.91915 0.426275 9.09863 7.59996 5.12888 4.15051 4.68577 1.70908 6.96352 0.443229 6.9583 1.80012 2.58218 9.4756 7.45995 8.21891 2.95822 3.39312 6.58995 8.36684 4.30071 4.46975 4.37117 0.684554 3.89321 6.47843 5.22831 2.16797 7.4045 6.91962 5.18187 3.7335 5.07275 1.32486 4.21434 8.15102 0.388359 5.4515 1.24788 7.35558 6.35711 5.54185 5.15674 7.09751 5.1697 7.23739 9.75891 7.08245 9.47009 3.88378 6.33863 1.92513 4.93856 3.11099 6.8997 7.03233 8.50943 4.95357 8.02505 1.87445 4.55328 2.41671 0.332393 5.32412 8.73082 3.45544 4.64131 6.77865 1.9576 6.0077 
7.26526 5.9761 2.69161 0.4134 8.70799 3.8359 8.38012 3.67358 2.59436 8.17602 1.7968 1.17992 0.514661 5.26909 0.917716 3.01845 9.98316 3.74666 7.31169 0 3.6359 8.22724 4.2887 0.613552 8.46563 1.47301 9.24771 8.57501 8.21934 0.320286 9.75159 2.82828 7.3859 1.08183 8.30756 7.84353 0.222401 7.99408 6.09291 0.270555 5.51718 6.30556 0.387635 3.18868 5.8127 3.27413 6.55106 8.16145 7.38274 7.39685 6.89701 1.38455 7.56686 3.23016 0.131869 1.13057 5.73705 8.84973 2.19676 6.19965 2.48554 8.79429 0.977892 3.83192 5.97733 8.05758 3.9586 6.51394 7.99848 0.724371 9.81127 5.95975 9.61967 3.3797 8.65125 2.5819 4.78002 1.67266 8.72044 7.17616 0.493521 0.812615 7.92256 1.94019 0.508934 2.4548 6.85817 2.00829 6.54902 3.50953 2.80683 3.23842 0.325002 9.8034 2.36054 6.65556 2.29001 9.29613 0.711298 7.88375 
3.04052 7.24653 7.14456 0.611005 5.90993 3.64095 9.6291 7.81862 6.15937 4.73527 6.14616 3.6758 9.61346 4.58354 2.24892 5.91116 4.23283 8.5526 1.20063 3.6359 0 2.95605 6.54727 3.90766 1.89347 7.43252 2.64615 5.38194 0.340495 2.89351 4.88886 9.35498 9.67991 5.91199 8.8663 3.52225 8.70588 0.164907 1.99925 3.18847 2.33512 5.14973 8.19767 2.28213 5.48276 1.99976 1.91227 6.48219 8.94709 4.9998 2.8668 1.47679 3.58251 1.91936 6.96296 0.915257 0.527267 3.66914 2.51583 3.03847 5.74971 3.90305 3.57585 8.68013 2.96387 9.19556 3.27537 7.49638 6.65825 7.95894 9.34588 5.20921 7.97064 8.10995 3.1445 5.82213 3.29678 1.09139 0.685913 6.93416 2.03054 4.39028 5.20717 3.29586 5.47793 9.84073 6.16241 0.168907 9.81476 5.31751 6.4679 6.31095 1.99393 2.92337 1.79964 4.49125 9.295 1.52689 4.03412 8.73721 
0.600966 5.01616 3.84583 5.26843 3.9528 3.95605 3.39599 7.22012 8.56057 2.01697 4.29607 5.65522 7.87428 6.10801 1.81198 4.79577 2.19486 7.88845 5.15717 8.22724 2.95605 0 2.03957 7.58541 8.03312 8.70106 8.26017 3.34889 5.7522 6.07115 0.933967 8.07685 1.18055 4.23079 7.46673 3.30359 6.63099 5.0877 5.11739 8.9952 1.84029 4.58511 2.75328 4.14815 4.60083 9.54818 9.59326 4.87427 1.82452 6.88192 5.20633 9.07497 6.00654 4.06409 7.4571 9.80641 3.52432 3.86512 9.63293 8.30775 1.08554 1.41421 1.13364 7.87639 7.96297 7.82313 3.863 3.57542 1.48439 2.50923 1.05897 0.340989 1.29793 7.06818 7.16147 0.979189 5.8378 9.31765 5.91771 5.93739 9.9538 5.80666 0.739858 2.79803 3.82112 2.64185 2.46076 8.12331 9.83052 2.81909 1.42772 0.542158 6.45255 5.82998 6.59095 5.39921 3.57588 9.20414 8.80547 0.867621 
4.83026 0.631574 2.08638 3.27436 8.13776 3.40964 5.3092 6.697 3.21461 4.07539 5.72753 9.64201 2.28186 6.70433 3.91367 8.99653 4.0967 2.85778 4.50041 4.2887 6.54727 2.03957 0 1.7987 8.53416 4.88593 9.57006 1.05047 6.01698 1.31839 4.393 1.29245 4.02662 1.4275 6.64566 4.27375 6.76868 2.65259 4.78674 5.74229 7.82655 1.95208 2.40618 1.62834 6.37304 6.04606 4.90721 1.06192 0.407092 3.49864 7.87116 9.17853 4.19026 9.31981 2.73257 2.53003 4.1301 8.02032 1.50521 5.90887 5.9685 8.13727 6.83657 5.21277 8.25035 6.62277 5.55827 3.89622 7.57209 2.02506 1.365 5.64026 5.7658 7.0475 6.11485 2.71344 7.72402 1.26299 3.89463 0.606647 1.31993 0.567795 1.73152 7.96036 3.5219 2.87311 8.43446 2.30957 1.38735 5.13056 2.69902 3.06245 2.91686 1.19179 5.15582 1.55197 9.80375 8.24166 9.07384 6.90713 
4.6259 4.47216 2.40282 0.447089 5.30413 6.96653 5.40597 5.8516 6.1236 9.31345 7.33069 2.53039 1.10446 0.315482 3.80875 4.34949 1.17816 8.17144 4.80027 0.613552 3.90766 7.58541 1.7987 0 3.15431 2.33874 6.67673 1.71409 2.06722 7.02011 1.19625 0.915254 0.47117 1.35889 1.93912 2.41778 8.48726 8.59119 2.97886 3.74939 4.83895 2.09076 6.68588 6.92759 0.531038 7.65988 2.35426 0.230109 8.84032 2.43243 7.17448 1.92371 0.72431 8.7793 6.43693 0.637541 5.74474 9.37558 9.33962 8.86631 3.66094 3.28703 5.44682 1.83824 9.65669 1.71086 7.22738 9.85931 1.69373 6.47557 6.64008 9.3898 0.819087 7.79946 1.99344 4.48393 5.01503 1.40207 5.02811 3.47425 3.88421 3.7265 6.32423 7.28095 9.36194 7.75458 0.11288 8.67378 5.10473 4.26239 3.991 6.58683 5.42588 6.2769 3.86601 4.7846 9.39728 7.72087 7.68346 2.71108 
5.24789 5.23983 4.41735 2.52691 9.40473 1.53448 8.19926 3.57661 1.34663 4.72537 3.80233 0.336223 2.62017 8.21013 2.7172 2.6732 3.68437 7.06298 5.49536 8.46563 1.89347 8.03312 8.53416 3.15431 0 7.79822 0.970403 6.65635 5.70466 9.09482 3.09707 0.689124 1.50219 4.78918 7.22445 0.19469 7.54701 6.26965 0.73888 6.15221 6.94199 4.9855 9.96099 7.70014 5.86009 7.7487 0.345221 3.13678 4.71688 9.62208 4.2004 1.63222 2.21075 3.73134 8.36753 5.97932 1.9352 5.83773 8.19286 0.630411 4.72501 7.73655 4.005 4.39783 3.32576 3.03808 9.11721 3.08673 5.15668 6.19253 1.59219 2.58277 9.42685 9.84126 5.08145 9.02071 4.95369 0.123135 2.82961 9.99876 9.04577 0.347425 0.567143 0.677791 9.0323 1.62887 5.39661 9.39818 3.13078 2.98592 3.72854 1.00828 9.60855 4.50877 6.62919 4.52345 5.87845 9.48961 5.21788 5.09528 
4.52025 7.74225 4.74803 1.16109 4.25838 2.9861 9.30591 1.65583 3.79925 3.8466 3.71987 0.397398 4.43136 3.83542 1.73038 4.69392 1.05908 8.98913 5.8933 1.47301 7.43252 8.70106 4.88593 2.33874 7.79822 0 3.78191 6.90844 5.43106 4.25453 0.539308 8.0574 1.09428 9.59332 5.84472 6.88141 6.45286 1.17607 8.18049 0.698249 6.37889 5.28483 1.76249 3.80668 7.46398 6.56452 6.73325 1.24082 7.4233 6.03336 9.32214 2.21881 0.705285 5.83334 3.69254 9.68379 1.8405 8.15823 2.71999 9.04903 5.68472 0.577995 4.85944 9.91854 7.02483 1.26913 8.15247 4.93484 0.120144 2.06331 0.798848 4.23035 0.100062 1.14259 9.72752 4.30963 6.00213 9.16787 3.21663 0.420322 8.05594 6.16313 2.35332 4.09915 2.74035 4.75 2.10296 3.85964 6.49343 9.86251 5.90926 2.48587 4.34857 6.9436 2.21481 2.77009 9.53938 0.314619 3.60095 4.84774 
1.58808 0.747027 8.62576 3.89139 5.84064 6.70188 6.66264 2.9917 1.4196 5.2242 3.82514 8.8731 2.50581 5.46378 8.57938 0.100388 2.11887 8.71672 1.57008 9.24771 2.64615 8.26017 9.57006 6.67673 0.970403 3.78191 0 1.42221 6.90472 2.28432 2.84324 1.45454 5.71808 6.85671 7.20661 7.22549 7.86724 2.66904 4.05069 9.97182 1.63692 2.04685 1.27169 1.64554 8.35602 0.706285 2.83999 6.22931 5.8946 3.58356 9.54194 3.65044 4.97852 1.54979 2.76866 5.2568 5.82127 8.64362 3.11174 9.54056 0.218904 8.61471 2.32416 9.08184 2.63697 9.5077 2.48084 9.02815 1.2459 3.7388 5.19521 0.265763 4.18578 3.34224 2.8812 5.8719 8.27996 9.30784 9.36553 8.73657 1.18496 9.17329 5.2063 8.55988 1.42071 1.44869 6.40694 1.52413 7.08167 6.3143 8.71581 8.67894 2.68566 6.14828 0.341228 5.32594 9.5926 3.73493 9.33883 5.54448 
2.93083 4.48362 9.77466 5.56311 7.51654 8.55821 2.50796 1.77418 2.69244 2.35479 0.957397 8.87488 2.89768 9.70003 2.52973 6.61484 3.93219 4.18687 7.28366 8.57501 5.38194 3.34889 1.05047 1.71409 6.65635 6.90844 1.42221 0 9.62672 3.03149 7.32374 5.81808 4.61451 1.95263 1.79748 7.73606 5.61492 5.52997 3.41042 0.356515 4.85459 7.65914 9.72344 4.90176 8.33466 7.8654 1.45952 0.389434 3.7231 8.59535 3.69004 7.32849 6.50895 3.39117 3.526 2.47391 1.43996 8.13884 3.52886 1.10662 9.09476 2.02706 5.27427 2.39815 5.2018 2.12052 1.91369 0.75413 5.06442 9.81357 5.07417 5.32146 3.59852 3.70983 3.33576 2.83881 6.16797 4.57258 9.94846 5.01252 8.71821 9.33546 8.25376 4.51311 0.484213 2.77643 7.10378 1.5873 9.59113 8.67679 6.15353 9.37139 8.18276 9.19416 9.49698 0.446581 3.88292 1.80484 2.80151 2.91637 
8.35345 9.77408 4.50074 6.01197 8.81976 3.21552 9.42015 2.3146 1.34771 9.00275 5.87284 9.14091 5.53736 7.48821 8.94432 1.00922 8.25344 1.90161 5.30202 8.21934 0.340495 5.7522 6.01698 2.06722 5.70466 5.43106 6.90472 9.62672 0 2.95481 5.48279 2.39019 0.119521 1.48485 0.413434 1.17948 6.18667 2.04922 1.59567 1.6678 6.14623 5.53824 3.88434 5.98949 4.58359 6.93094 7.32653 3.12834 1.50834 8.99163 1.16241 6.34263 9.68757 6.04408 1.40627 6.32505 1.36757 9.27895 8.93739 0.395467 6.10861 6.87811 0.484408 6.04768 2.40539 8.08866 1.75597 3.06115 0.776313 1.68598 4.89939 8.14728 6.86424 4.97793 1.49928 5.33828 9.08312 4.40366 2.38222 4.76004 2.56267 8.12639 2.26961 2.96607 6.56425 2.1659 2.33442 3.24023 1.00439 3.74734 0.178269 8.76352 8.63178 2.06368 6.94317 5.00391 2.65085 5.24229 9.477 1.16574 
6.98681 4.73064 0.439007 6.14999 3.44704 1.52701 6.00756 6.74638 2.10789 9.85989 4.23984 5.51927 8.83479 7.95353 7.93245 5.66683 9.00215 5.58899 3.51737 0.320286 2.89351 6.07115 1.31839 7.02011 9.09482 4.25453 2.28432 3.03149 2.95481 0 2.88473 5.7119 2.071 1.2256 9.02858 8.51657 6.14415 0.168227 8.29545 2.32482 0.294297 8.5509 8.91419 6.45966 6.45634 0.138209 8.67244 2.43383 1.0326 2.56211 8.62662 4.54815 5.23443 5.98951 4.90878 7.5655 0.154345 2.67892 1.74688 8.71151 5.58033 8.27528 9.75702 5.11432 6.93264 6.23114 6.92699 0.360516 2.78436 1.89741 4.26687 9.94006 2.41972 1.4627 4.27287 2.00089 1.11217 3.47663 4.36446 6.83477 4.66819 3.17634 6.36232 3.95748 7.60289 4.79549 4.28374 6.46845 5.70535 0.79061 4.38495 4.70901 6.07029 6.19744 4.80406 9.72505 2.39087 1.60118 5.19663 4.36758 
5.81998 3.35766 5.28534 9.35899 1.97653 6.06227 1.34773 4.10717 7.5302 1.45624 1.19698 1.8085 8.53133 7.61112 9.64555 6.82252 9.66178 5.35621 5.91915 9.75159 4.88886 0.933967 4.393 1.19625 3.09707 0.539308 2.84324 7.32374 5.48279 2.88473 0 9.7903 9.91013 4.31271 8.18851 6.73114 5.40207 2.0499 3.10398 7.84467 9.38987 2.02795 0.399907 1.54038 3.09158 7.33597 3.3942 4.93012 9.88264 7.6712 4.50427 0.378416 6.6299 6.6031 1.75586 1.18634 2.5597 7.80437 5.32269 4.49573 5.32547 1.626 6.5527 5.98047 1.51949 8.36595 9.13447 6.06209 7.10322 2.07568 0.729382 4.92976 3.86143 7.03173 8.45637 4.1498 2.59512 9.01585 2.43683 1.83105 7.68503 9.24651 8.15958 5.63318 5.53359 4.91425 0.50793 5.37237 7.84623 5.97563 9.16366 1.66687 0.469751 7.21355 5.15597 4.12907 0.679622 0.209013 0.77802 0.680858 
6.84353 4.51471 0.413224 7.7431 7.45695 0.155323 2.54504 8.87645 0.802406 4.63896 3.3201 4.92177 6.73763 4.58696 2.58238 6.70947 8.18895 3.57459 0.426275 2.82828 9.35498 8.07685 1.29245 0.915254 0.689124 8.0574 1.45454 5.81808 2.39019 5.7119 9.7903 0 1.18912 9.77345 3.89827 2.48386 0.289295 3.67984 4.24497 8.22519 9.41056 3.21458 5.48461 3.40445 8.97604 6.49199 5.35151 3.75925 2.33609 1.61673 9.14356 0.561349 2.29394 6.11777 2.34045 5.72073 1.9139 4.22575 1.91756 6.36903 7.82449 6.99297 0.483021 2.53246 5.43955 8.33093 4.68194 6.49401 9.65113 7.32217 9.09425 3.41545 5.7477 9.65421 9.64103 5.96074 6.44339 0.365361 5.01881 5.58264 7.5156 2.97298 3.93377 5.02523 4.47793 3.09169 9.28609 0.172639 3.25063 7.55783 9.83532 4.3435 1.03128 0.155881 8.69436 4.58229 4.78784 4.44732 3.51565 6.76265 
3.37863 7.45841 7.55642 5.18017 7.2173 9.21621 8.87858 5.83569 4.64325 6.92243 6.88313 8.16275 5.62034 4.12682 2.9124 7.47811 4.22671 7.28038 9.09863 7.3859 9.67991 1.18055 4.02662 0.47117 1.50219 1.09428 5.71808 4.61451 0.119521 2.071 9.91013 1.18912 0 0.297065 5.56471 3.19859 4.13362 7.84676 5.00702 5.44041 3.0202 5.59802 8.64896 3.8029 3.40637 1.60669 8.67642 9.88108 1.19047 2.81313 0.243478 5.84189 8.71685 6.23609 1.02468 8.05965 9.10524 9.79075 7.60273 2.1592 8.50865 1.80468 9.95504 6.67861 3.53044 7.74765 2.38757 5.60137 5.53879 3.20901 0.984477 5.60175 2.06763 4.04947 9.30442 1.41797 4.99793 1.08509 3.69054 5.79529 7.57867 3.79427 6.83751 1.18822 4.48654 9.25637 5.57273 9.24822 7.2372 6.69825 7.02595 0.347859 7.86842 2.66165 8.59993 1.4099 7.92194 1.29013 4.66845 7.52868 
0.669005 2.13288 5.95672 4.91814 8.8037 3.88135 2.04216 3.48429 9.63611 2.86225 5.68344 9.37243 7.60255 2.51783 5.54316 6.5594 8.19266 9.7227 7.59996 1.08183 5.91199 4.23079 1.4275 1.35889 4.78918 9.59332 6.85671 1.95263 1.48485 1.2256 4.31271 9.77345 0.297065 0 5.09683 0.173342 5.1661 6.12236 0.268042 2.87699 4.39598 1.94896 9.37499 9.28477 7.81138 4.37967 4.99379 0.819266 0.895573 6.29726 9.45575 0.480348 7.10748 4.3626 5.14007 4.0796 0.882404 2.7562 3.73511 2.54768 3.78437 8.71541 1.82264 4.87482 1.05017 0.834507 9.55484 2.67846 3.95185 2.02475 6.14885 9.88054 2.05301 5.79157 4.59566 1.78252 3.73379 0.113408 7.64699 3.51119 1.06571 4.7014 6.95111 9.63316 2.28219 6.50179 1.85116 9.05212 8.13089 8.49868 2.53687 0.201649 5.72148 4.63518 2.72094 5.17426 4.5201 9.00396 0.623876 3.77733 
9.87014 1.79666 8.24662 6.53626 0.821404 5.21366 1.71328 4.42868 2.42329 4.15185 8.73152 5.87233 9.02976 7.05257 7.21709 9.82169 7.27714 2.42974 5.12888 8.30756 8.8663 7.46673 6.64566 1.93912 7.22445 5.84472 7.20661 1.79748 0.413434 9.02858 8.18851 3.89827 5.56471 5.09683 0 9.1462 5.32103 6.34385 0.433972 9.7603 0.741673 3.59922 5.46135 8.49409 4.549 9.61504 4.61609 8.59692 0.283703 8.69106 8.48617 0.165445 1.13633 3.5989 0.180479 6.30593 6.60874 7.46632 6.43175 2.64442 6.02662 4.90424 0.515358 1.51473 7.56048 4.96836 9.04004 3.02569 8.74061 9.68316 1.1989 5.76017 1.46759 7.21705 4.5589 7.77394 8.73812 7.34267 7.09215 4.16722 8.23513 8.1515 8.44406 5.29145 4.07283 5.91232 4.47288 7.38922 7.42134 2.78718 9.59812 7.43926 6.89777 4.31247 4.19374 8.46086 0.45997 1.22324 8.91304 6.87715 
5.46969 3.78795 3.36283 7.00026 7.13012 3.51011 8.37637 7.02643 2.05543 7.42532 5.36542 5.53417 8.54846 2.21681 5.20138 2.86895 4.63939 1.4944 4.15051 7.84353 3.52225 3.30359 4.27375 2.41778 0.19469 6.88141 7.22549 7.73606 1.17948 8.51657 6.73114 2.48386 3.19859 0.173342 9.1462 0 4.17927 2.94793 8.6754 2.56673 7.05048 6.64979 4.27218 0.288265 6.17034 4.87377 3.31682 1.33788 5.20309 4.10749 4.31133 4.87405 7.92795 3.4009 8.56454 0.595973 0.119674 4.0628 5.61378 6.13226 8.23784 4.3413 3.67514 4.32566 7.99614 1.08339 4.89448 4.8126 4.79675 5.733 0.230815 0.906 3.33818 3.86647 2.48952 6.3974 9.43935 2.01817 4.39296 0.690578 6.14979 5.96028 8.68284 8.86833 8.00658 8.17106 0.617646 7.97493 0.951836 1.51511 4.12504 2.23414 0.867113 3.17525 7.76731 6.12661 2.39194 9.70816 5.5892 8.87114 
0.116408 9.40328 2.39757 4.13462 8.80269 2.71492 6.06381 8.3594 6.87107 0.409425 9.74793 4.77035 7.621 6.64566 4.9162 7.84942 4.20949 2.45369 4.68577 0.222401 8.70588 6.63099 6.76868 8.48726 7.54701 6.45286 7.86724 5.61492 6.18667 6.14415 5.40207 0.289295 4.13362 5.1661 5.32103 4.17927 0 5.671 7.63125 6.38872 2.28842 2.32093 4.22593 5.04447 1.12714 7.46797 4.45237 9.26828 7.8377 1.27736 7.77038 8.29593 0.565906 9.58521 8.17879 1.85214 5.65943 1.30463 0.850166 5.4404 2.75018 1.54702 5.83194 9.78538 6.43753 0.886319 9.16659 1.53005 7.64553 8.70618 5.14655 4.19793 9.56596 1.44642 7.81808 8.00843 9.54476 1.59178 5.58765 2.70174 9.1163 7.71594 4.17739 1.02388 4.60346 4.31443 7.36089 6.51629 7.93698 6.68171 6.25034 3.02609 5.54567 9.85255 6.87528 2.44482 7.51838 0.188708 6.01418 3.76314 
8.57631 9.65203 5.41163 4.91981 3.65786 2.9809 6.2701 7.94063 0.905132 3.10893 0.696389 7.55803 2.41611 4.12979 3.5835 0.151298 5.96779 8.03545 1.70908 7.99408 0.164907 5.0877 2.65259 8.59119 6.26965 1.17607 2.66904 5.52997 2.04922 0.168227 2.0499 3.67984 7.84676 6.12236 6.34385 2.94793 5.671 0 8.26656 1.93557 2.16969 6.68188 9.01843 6.18438 3.1275 7.22522 3.33429 7.75014 4.70637 1.38537 1.49379 2.1633 8.21925 8.56173 2.84245 7.90176 8.72513 6.86854 7.90817 7.47669 2.41892 7.80734 5.73521 7.74039 9.21127 9.82799 9.78672 9.13106 8.16555 6.99935 8.65606 4.24679 9.11587 0.419631 6.33587 5.00778 8.32316 2.75043 5.70148 5.0861 7.82291 0.115625 5.3067 2.95545 6.33429 8.11334 0.726626 8.10059 4.17707 5.47185 6.70226 5.06582 3.64658 9.49196 5.14414 3.30121 6.30314 9.25424 9.50254 4.83143 
0.390619 2.62408 4.36312 4.84985 0.989546 8.35312 8.40292 8.50577 8.55694 2.0072 4.80591 3.38989 9.98307 2.83629 8.59892 0.959445 6.07326 8.24077 6.96352 6.09291 1.99925 5.11739 4.78674 2.97886 0.73888 8.18049 4.05069 3.41042 1.59567 8.29545 3.10398 4.24497 5.00702 0.268042 0.433972 8.6754 7.63125 8.26656 0 4.37615 5.34013 0.577198 1.36273 7.16452 2.79729 1.42991 7.62133 7.90293 8.4829 4.57652 6.87291 2.19306 3.46899 4.61769 5.75526 8.05553 9.199 1.71784 5.77128 9.92937 0.96494 3.95153 6.53664 3.48253 4.4384 2.16365 4.14365 8.15197 6.43892 4.41416 0.594961 2.90809 2.34328 3.6998 3.10617 5.17764 1.95509 3.45885 2.54854 8.38944 7.98521 5.3981 4.6164 3.91108 9.85691 0.927111 1.74702 1.19513 1.90262 2.75238 8.89234 5.62211 7.53068 9.00881 2.90907 9.01934 1.71765 2.47074 7.48704 8.13734 
3.83775 0.796319 4.09545 7.13346 1.69419 1.33147 6.74932 2.89397 1.61037 8.15058 1.19031 1.80734 2.6867 3.49717 4.18088 0.686052 6.70844 4.07005 0.443229 0.270555 3.18847 8.9952 5.74229 3.74939 6.15221 0.698249 9.97182 0.356515 1.6678 2.32482 7.84467 8.22519 5.44041 2.87699 9.7603 2.56673 6.38872 1.93557 4.37615 0 8.12616 8.33073 1.27068 4.37345 9.29948 7.42752 7.67695 2.2661 3.43785 5.923 5.85072 8.69186 2.02833 6.85369 5.89701 4.53017 9.93708 1.8799 6.96383 5.73759 8.03345 4.4461 2.80161 4.70479 4.49155 4.31505 7.95741 3.41992 1.64265 9.16337 6.67789 1.4311 7.80532 1.5457 3.33793 9.53321 5.47345 3.8988 1.43413 9.23742 3.85733 7.32703 1.66835 5.57983 9.86032 8.67523 9.66083 2.00682 1.78752 8.669 3.92418 2.3294 8.10383 9.18894 0.941472 5.51461 2.67957 2.8808 9.04151 7.98329 
4.94755 1.3261 9.87451 5.38857 4.22628 6.38273 3.9764 2.72015 1.28975 2.8212 9.92257 5.17834 3.8129 3.08448 0.301991 9.27502 9.87556 8.6921 6.9583 5.51718 2.33512 1.84029 7.82655 4.83895 6.94199 6.37889 1.63692 4.85459 6.14623 0.294297 9.38987 9.41056 3.0202 4.39598 0.741673 7.05048 2.28842 2.16969 5.34013 8.12616 0 2.81035 2.9928 0.558403 2.27673 3.92048 9.32836 7.74517 0.44649 2.35987 5.38566 3.4567 6.0285 6.85951 4.6836 4.80558 5.6265 2.1833 7.7567 6.12615 4.52717 9.11972 5.7143 2.70373 3.0109 7.68216 0.684206 7.95517 5.39675 1.76512 8.40358 7.94104 5.56558 7.97622 2.7565 8.77944 8.84566 3.08044 8.30147 4.57706 6.0516 8.89784 8.83892 8.69557 5.1168 9.09245 2.85128 7.81099 7.72911 7.65926 1.8453 9.63972 3.59139 2.6698 7.01402 7.71511 9.95278 8.34574 6.06317 5.45858 
5.80411 5.31074 9.67241 2.8388 1.05464 0.582105 8.72571 1.78261 8.11033 7.20583 5.5402 3.86622 3.06508 6.91517 9.16531 2.22513 7.41706 6.06347 1.80012 6.30556 5.14973 4.58511 1.95208 2.09076 4.9855 5.28483 2.04685 7.65914 5.53824 8.5509 2.02795 3.21458 5.59802 1.94896 3.59922 6.64979 2.32093 6.68188 0.577198 8.33073 2.81035 0 1.4274 5.07644 3.929 4.05023 2.24548 3.45163 9.89632 9.85989 1.48568 4.48412 8.20965 5.70405 8.6222 9.44978 9.09127 2.798 3.32028 9.96525 0.156015 1.05023 1.83703 9.2325 0.473371 8.64501 6.73007 7.26667 7.0124 0.375666 9.91191 4.51032 3.10298 1.04533 8.63348 0.999514 0.938138 8.89465 4.72002 3.05874 9.7827 1.01213 5.02693 3.3572 6.76306 7.31716 4.0773 1.85825 9.44549 6.29027 0.830392 9.70145 1.62239 5.31641 7.80889 2.04297 5.39602 9.37046 2.45429 8.2771 
7.41569 1.68482 8.52025 6.09483 6.77946 4.63465 6.70674 5.38197 9.44751 4.1454 7.01717 8.29883 7.48067 9.54749 9.5992 7.83543 0.141601 0.482732 2.58218 0.387635 8.19767 2.75328 2.40618 6.68588 9.96099 1.76249 1.27169 9.72344 3.88434 8.91419 0.399907 5.48461 8.64896 9.37499 5.46135 4.27218 4.22593 9.01843 1.36273 1.27068 2.9928 1.4274 0 0.758013 1.0192 5.05947 5.75894 0.540319 5.23846 4.5375 4.49317 1.8601 0.92973 6.16688 5.99012 5.27789 3.84139 6.71396 3.79301 5.42319 0.728922 7.08809 5.23577 8.84365 8.99858 9.0596 5.11941 3.50236 1.19026 9.16713 0.655198 5.51345 2.95566 9.94475 2.15207 7.62498 9.87118 3.06558 6.06748 8.53402 2.47278 2.20038 7.70565 9.39923 0.96586 9.5028 9.16719 1.63471 4.53055 6.54425 2.56893 4.56189 8.43711 7.27775 5.12231 2.75259 2.47117 4.78209 6.77196 8.33832 
6.82539 5.2253 8.68839 2.87303 5.66985 3.83048 1.24451 0.824519 0.550651 7.87222 1.35965 9.67367 9.91916 7.804 5.72946 2.61125 6.29207 7.5758 9.4756 3.18868 2.28213 4.14815 1.62834 6.92759 7.70014 3.80668 1.64554 4.90176 5.98949 6.45966 1.54038 3.40445 3.8029 9.28477 8.49409 0.288265 5.04447 6.18438 7.16452 4.37345 0.558403 5.07644 0.758013 0 9.99938 9.49956 4.25426 5.90527 4.80737 5.92306 6.73796 1.16006 6.35012 6.88003 3.1016 7.51643 7.04529 8.61064 3.23295 7.40427 2.90812 2.83118 6.60498 3.56864 6.36446 0.324498 1.34022 4.92403 6.51955 3.32694 3.03364 3.75096 1.58354 5.78588 7.86285 8.16139 6.3641 4.15657 7.45962 2.63904 4.68724 6.63158 5.12573 0.789683 8.60956 4.81545 3.16881 8.50592 5.44163 3.65087 2.36274 4.14435 9.9279 5.99784 6.27955 8.74246 1.18623 0.715962 7.07962 1.51865 
5.40904 1.14133 3.18489 7.06336 8.14916 1.64314 0.100398 9.98748 0.696598 7.2507 4.80234 0.147301 7.6865 9.03281 9.97903 2.93725 1.38876 4.92835 7.45995 5.8127 5.48276 4.60083 6.37304 0.531038 5.86009 7.46398 8.35602 8.33466 4.58359 6.45634 3.09158 8.97604 3.40637 7.81138 4.549 6.17034 1.12714 3.1275 2.79729 9.29948 2.27673 3.929 1.0192 9.99938 0 4.11419 8.00657 8.0333 1.86319 3.35893 6.10048 8.83965 1.06165 5.74539 0.654594 5.26405 8.91601 7.44634 7.12107 5.18995 0.943995 8.32875 7.58226 4.62557 9.48371 5.12945 3.85049 1.35431 4.23383 9.04247 4.33871 9.55354 0.562554 2.7533 4.565 1.3665 1.19885 5.01658 7.72287 1.82871 7.87227 8.09888 5.26014 2.51957 6.45174 2.11191 5.78267 3.50407 0.138729 7.52462 6.16624 5.20634 9.0986 7.18489 8.61436 6.35117 4.79708 1.37158 7.31634 0.26494 
0.452318 8.4316 1.56907 5.35185 8.7941 7.58297 6.79305 7.52669 8.31425 5.81289 0.687535 3.08376 4.34324 0.314395 4.06518 7.40781 8.97135 9.78815 8.21891 3.27413 1.99976 9.54818 6.04606 7.65988 7.7487 6.56452 0.706285 7.8654 6.93094 0.138209 7.33597 6.49199 1.60669 4.37967 9.61504 4.87377 7.46797 7.22522 1.42991 7.42752 3.92048 4.05023 5.05947 9.49956 4.11419 0 0.243243 1.89074 1.09873 5.31137 2.37625 3.45346 0.950538 9.39273 0.610985 4.92906 1.93279 4.88911 3.63989 5.90814 3.48315 5.01446 1.78012 2.99924 9.80564 0.426016 4.74744 8.59881 2.32041 5.39684 3.27484 8.54022 7.6411 3.56401 7.67546 6.91198 5.45647 5.66784 3.97607 3.26314 9.90306 4.34889 2.55955 5.2509 5.72517 7.17865 2.61537 2.84294 6.36514 1.99699 4.82996 9.43168 1.81759 9.08688 8.23223 9.06561 7.08048 6.10148 5.84568 3.08063 
1.31282 3.74876 9.97623 9.38871 7.71666 6.69313 6.32466 1.30999 1.49768 6.36609 4.50656 4.6002 6.45248 9.74498 5.91784 3.02899 6.81054 3.617 2.95822 6.55106 1.91227 9.59326 4.90721 2.35426 0.345221 6.73325 2.83999 1.45952 7.32653 8.67244 3.3942 5.35151 8.67642 4.99379 4.61609 3.31682 4.45237 3.33429 7.62133 7.67695 9.32836 2.24548 5.75894 4.25426 8.00657 0.243243 0 1.51226 5.67256 4.0526 2.40489 9.54989 8.62006 3.08034 6.51368 3.55812 7.66327 9.95571 8.13369 6.07935 9.9928 7.86013 2.00712 6.78257 8.45244 7.5269 4.87078 2.54262 7.8111 9.57742 6.01522 1.49842 0.718796 5.19963 5.35656 9.48229 0.961537 6.14881 9.32616 0.539553 2.26638 8.14289 2.28164 7.16931 4.03154 4.9042 9.78993 3.76177 5.12349 2.7521 4.11835 8.58402 1.37361 1.80282 8.32108 7.33371 5.14277 9.90039 8.99139 7.11979 
9.73622 4.29652 6.43128 2.43049 6.38853 0.214153 4.60002 1.72954 8.03156 8.0061 9.18797 8.91548 4.69163 0.632145 8.08291 4.78458 3.35046 7.32585 3.39312 8.16145 6.48219 4.87427 1.06192 0.230109 3.13678 1.24082 6.22931 0.389434 3.12834 2.43383 4.93012 3.75925 9.88108 0.819266 8.59692 1.33788 9.26828 7.75014 7.90293 2.2661 7.74517 3.45163 0.540319 5.90527 8.0333 1.89074 1.51226 0 3.36917 9.91706 1.96565 2.7836 8.91691 2.70114 8.97088 8.96104 1.90017 1.1268 1.90739 3.7352 4.04942 8.39193 0.224718 7.33552 5.81131 9.63297 8.94015 7.13867 3.89554 6.10717 2.39369 9.39727 7.60689 2.8118 7.70634 1.12221 3.9344 5.77562 3.69862 3.05584 0.671443 1.34995 0.199791 4.1805 3.75921 1.6245 1.19057 4.3987 8.05751 2.94429 6.89821 1.76868 8.75449 5.29781 2.05214 1.09507 3.20141 2.02568 1.94137 0.565624 
1.96393 3.33955 4.73394 4.19359 8.97559 7.96932 5.78602 4.30856 2.35214 0.102726 4.45116 8.45097 1.11443 4.15858 4.14143 9.10874 2.44465 1.73393 6.58995 7.38274 8.94709 1.82452 0.407092 8.84032 4.71688 7.4233 5.8946 3.7231 1.50834 1.0326 9.88264 2.33609 1.19047 0.895573 0.283703 5.20309 7.8377 4.70637 8.4829 3.43785 0.44649 9.89632 5.23846 4.80737 1.86319 1.09873 5.67256 3.36917 0 4.84337 7.06371 1.39953 1.8175 7.69083 7.75835 4.14832 7.49552 2.14066 3.80015 6.54667 3.64602 0.102417 1.11627 2.99461 1.19239 5.31735 3.86949 3.82345 2.19109 9.94421 2.96711 4.34005 2.48133 7.39615 5.17989 0.213726 0.795426 6.12562 5.52003 4.63911 9.35518 3.09462 9.06133 4.42406 8.58406 1.9262 3.06512 8.09494 8.25185 2.13255 6.10787 4.2612 3.78508 0.814636 2.29142 3.32013 7.5115 3.42091 8.32723 1.92586 
